          46
          93
          15
          69
         232
         208
         146
          36
          21
         169
          52
         176
         168
         113
         249
         178
         214
         247
          46
          33
         142
          42
         231
          21
         198
          32
         182
         129
         152
         134
         149
         235
         163
          37
         144
          54
          11
         115
          70
          22
          19
         166
         115
         143
         127
          73
          31
         148
         195
          67
         158
         151
          63
         206
          71
         148
         112
          34
         169
          88
         105
         107
          12
         112
         124
          50
          60
         202
         210
          47
           2
         112
         236
          35
         211
         160
          55
          10
         193
         172
         207
          13
          61
          20
         177
          78
          97
          95
         131
         247
         170
         109
         246
          83
          90
         255
         202
         175
           5
         113
         127
         200
         102
         160
         233
         197
          10
         248
          31
         103
         146
          23
          34
         234
         190
          20
         219
          33
          34
         249
          43
         106
         212
         199
          57
         148
           8
         139
          78
          18
          16
         206
         193
         111
         220
         179
         216
         199
         106
          94
          81
         167
           3
         106
         122
         207
          93
         171
         107
           8
